%YAML:1.0
---
width: 3264
height: 2448
K: !!opencv-matrix
   rows: 3
   cols: 3
   dt: d
   data: [ 2.5549980663291080e+03, 0., 1.6374294602203147e+03, 0.,
       2.5568357285725724e+03, 1.2303468826774795e+03, 0., 0., 1. ]
D: !!opencv-matrix
   rows: 8
   cols: 1
   dt: d
   data: [ 3.7165806217706077e-01, -3.5192192977952197e+00,
       6.2084114176412877e-04, -2.9984202358641067e-05,
       1.0034232211295308e+01, 0., 0., 0. ]
