%YAML:1.0
---
width: 1133
height: 850
K: !!opencv-matrix
   rows: 3
   cols: 3
   dt: d
   data: [ 8.9236958792081566e+02, 0., 5.7117157401418524e+02, 0.,
       8.9226124763502480e+02, 4.1785324042558813e+02, 0., 0., 1. ]
D: !!opencv-matrix
   rows: 8
   cols: 1
   dt: d
   data: [ 2.0750227066042604e-01, -9.2424599889309955e-01,
       -9.1967663461405176e-04, -9.1402978023391026e-04,
       1.2257430462787069e+00, 0., 0., 0. ]
