%YAML:1.0
---
width: 816
height: 612
K: !!opencv-matrix
   rows: 3
   cols: 3
   dt: d
   data: [ 6.5822985347205986e+02, 0., 4.0732278415941329e+02, 0.,
       6.6142728704113108e+02, 3.1301030017877667e+02, 0., 0., 1. ]
D: !!opencv-matrix
   rows: 8
   cols: 1
   dt: d
   data: [ 5.5315729880190935e-02, -1.6040595312677147e-01,
       1.1069805395585270e-03, -9.9144084720389505e-04,
       1.5719947112899055e-01, 0., 0., 0. ]
